// NOTE: only triangles and quads are currently supported
//       i.e. vertices must be 3 or 4

// number of polygons
27

// texture table
1
0
data/helmet-lightsaber.bmp

// example polygon format
// ===============================
//
// vertices texid  : # of vertices & texture table lookup
// x y z           : normal vector
// x y z s t       : vertex & texture coordinates
// " " " " "

// top of head middle
4 0
0.0 1.0 0.0 // fix later
-0.75 5.5  1.5 0.1  0.65
 0.75 5.5  1.5 0.12 0.65
 0.75 5.5 -1.5 0.12 0.7
-0.75 5.5 -1.5 0.1  0.7

// top of head left side
4 0
0.0 1.0 0.0 // fix later
-1.5  5.5  0.75 0.1  0.65
-0.75 5.5  1.5  0.12 0.65
-0.75 5.5 -1.5  0.12 0.7
-1.5  5.5 -0.75 0.1  0.7

// top of head right side
4 0
0.0 1.0 0.0 // fix later
1.5  5.5  0.75 0.1  0.65
0.75 5.5  1.5  0.12 0.65
0.75 5.5 -1.5  0.12 0.7
1.5  5.5 -0.75 0.1  0.7

// front plate
4 0
0.0 0.16439898 0.98639387
-1.0  4.0 1.75 0.13 0.75
 1.0  4.0 1.75 0.31 0.78
 0.75 5.5 1.5  0.31 0.93
-0.75 5.5 1.5  0.13 0.88

// back top plate
4 0
0.0 -0.16439898 0.98639387
-1.0  4.0 -1.75 0.1  0.81
 1.0  4.0 -1.75 0.34 0.81
 0.75 5.5 -1.5  0.34 0.88
-0.75 5.5 -1.5  0.1  0.88

// right top plate
4 0
0.98639387 0.16439898 0.0
1.75 4.0  1.0  0.88 0.78
1.75 4.0 -1.0  0.7  0.78
1.5  5.5 -0.75 0.7  0.95
1.5  5.5  0.75 0.88 0.95

// left top plate
4 0
0.98639387 -0.16439898 0.0
-1.75 4.0  1.0  0.7  0.78
-1.75 4.0 -1.0  0.88 0.78
-1.5  5.5 -0.75 0.88 0.95
-1.5  5.5  0.75 0.7  0.95

// front right plate
4 0
0.6882472 0.22941574 0.6882472
1.0  4.0 1.75 0.31 0.78
1.75 4.0 1.0  0.4 0.78
1.5  5.5 0.75 0.4 0.88
0.75 5.5 1.5  0.31 0.88

// front left plate
4 0
0.6882472 -0.22941574 -0.6882472
-1.0  4.0 1.75 0.13 0.78
-1.75 4.0 1.0  0.07 0.78
-1.5  5.5 0.75 0.07 0.88
-0.75 5.5 1.5  0.13 0.88

// back right top plate
4 0
-0.6882472 -0.22941574 0.6882472
1.0  4.0 -1.75 0.8  0.65
1.75 4.0 -1.0  0.67 0.65
1.5  5.5 -0.75 0.67 0.8
0.75 5.5 -1.5  0.8  0.8

// back left top plate
4 0
-0.6882472 0.22941574 -0.6882472
-1.0  4.0 -1.75 0.8  0.65
-1.75 4.0 -1.0  0.67 0.65
-1.5  5.5 -0.75 0.67 0.8
-0.75 5.5 -1.5  0.8  0.8

// right bottom plate
4 0
0.9363292 0.35112345 0.0
2.5  2.0  1.0 0.78 0.93
2.5  2.0 -1.2 0.7  0.93
1.75 4.0 -1.0 0.7  0.78
1.75 4.0  1.0 0.78 0.78

// left bottom plate
4 0
0.9363292 -0.35112345 0.0
-2.5  2.0  1.0 0.7  0.93
-2.5  2.0 -1.2 0.78 0.93
-1.75 4.0 -1.0 0.78 0.78
-1.75 4.0  1.0 0.7  0.78

// back bottom plate
4 0
0.0 0.35112345 -0.9363292
 1.2 2.0 -2.5  0.34 0.88
-1.2 2.0 -2.5  0.1  0.88
-1.0 4.0 -1.75 0.1  0.81
 1.0 4.0 -1.75 0.34 0.81

// back right bottom plate
4 0
0.6703074 0.31839603 -0.6703074
2.5  2.0 -1.2  0.67 0.8
1.2  2.0 -2.5  0.8  0.8
1.0  4.0 -1.75 0.8  0.65
1.75 4.0 -1.0  0.67 0.65

// back left bottom plate
4 0
0.6703074 -0.31839603 0.6703074
-2.5  2.0 -1.2  0.67 0.8
-1.2  2.0 -2.5  0.8  0.8
-1.0  4.0 -1.75 0.8  0.65
-1.75 4.0 -1.0  0.67 0.65

// right eye
4 0
0.48860335 0.0 0.8725061
0.0  3.2 1.5 0.225 0.65
1.25 3.2 0.8 0.36  0.65
1.25 4.2 0.8 0.36  0.78
0.0  4.2 1.5 0.225 0.78

// left eye
4 0
0.48860335 0.0 -0.8725061
 0.0  3.2 1.5 0.225 0.65
-1.25 3.2 0.8 0.1   0.65
-1.25 4.2 0.8 0.1   0.75
 0.0  4.2 1.5 0.225 0.78

// top breather
3 0
-0.0 0.11043154 0.99388367
-0.7 2.3 1.6 0.15  0.51
 0.7 2.3 1.6 0.35  0.52
 0.0 3.2 1.5 0.225 0.65

// bottom breather
3 0
0.0 0.28734785 -0.9578263
-0.7 2.3 1.6  0.15  0.51
 0.7 2.3 1.6  0.35  0.52
 0.0 1.8 1.45 0.26 0.46

// right cheek piece
3 0
0.44100717 0.43050697 0.78751284
0.7  2.3 1.6 0.35  0.52
1.25 3.2 0.8 0.36  0.65
0.0  3.2 1.5 0.225 0.65

// left cheek piece
3 0
0.44100717 -0.43050697 -0.78751284
-0.7  2.3 1.6 0.15  0.51
-1.25 3.2 0.8 0.1   0.65
 0.0  3.2 1.5 0.225 0.65

// right side face
3 0
0.8240419 0.0 0.5665288
0.7  2.3 1.6 0.35 0.52
1.25 2.3 0.8 0.4 0.7
1.25 3.2 0.8 0.36 0.65

// left side face
3 0
0.8240419 0.0 -0.5665288
-0.7  2.3 1.6 0.15 0.51
-1.25 2.3 0.8 0.07 0.7
-1.25 3.2 0.8 0.1  0.65

// right bottom face
3 0
-0.49673873 0.79788655 -0.34150788
0.0  1.8 1.45 0.13 0.51
0.7  2.3 1.6  0.07 0.7
1.25 2.3 0.8  0.1  0.65

// left bottom face
3 0
-0.49673873 -0.79788655 0.34150788
 0.0  1.8 1.45 0.13 0.51
-0.7  2.3 1.6  0.07 0.7
-1.25 2.3 0.8  0.1  0.65

// inside of helmet (black)
4 0
0.0 0.0 1.0 // fix later
-2.5  2.0 0.0 0.1  0.65
 2.5  2.0 0.0 0.12 0.65
 1.75 4.0 0.0 0.12 0.7
-1.75 4.0 0.0 0.1  0.7

