// NOTE: only triangles and quads are currently supported
//       i.e. vertices must be 3 or 4

// number of polygons
18

// texture table
1
0
data/cape-and-front.bmp

// example polygon format
// ===============================
//
// vertices texid  : # of vertices & texture table lookup
// x y z           : normal vector
// x y z s t       : vertex & texture coordinates
// " " " " "

// front torso
4 0
0.0 0.0 1.0
-0.1 0.3 -0.01 0.55 0.15
 0.1 0.3 -0.01 0.9 0.15
 0.1 0.6 -0.01 0.9 0.65
-0.1 0.6 -0.01 0.55 0.65

// upper chest armor
4 0
0.0 -0.1961162 -0.9805806
-0.1 0.6 -0.01 0.52 0.65
 0.1 0.6 -0.01 0.93 0.65
 0.1 0.7 -0.03 0.93 0.85
-0.1 0.7 -0.03 0.52 0.85

// right inner cloak
4 0
0.0 0.0 1.0
0.04 0.1 -0.01 0.84 0.15
0.11 0.1 -0.01 0.93 0.15
0.11 0.3 -0.01 0.93 0.3
0.04 0.3 -0.01 0.84 0.3

// left inner cloak
4 0
0.0 0.0 1.0
-0.04 0.1 -0.01 0.61 0.15
-0.11 0.1 -0.01 0.52 0.15
-0.11 0.3 -0.01 0.52 0.3
-0.04 0.3 -0.01 0.61 0.3

// right front cloak
4 0
0.35112342 0.0 0.9363292
0.1  0.05  0.0  0.15 0.8
0.18 0.05 -0.03 0.25 0.8
0.18 0.6  -0.03 0.25 0.91
0.1  0.6   0.0  0.15 0.91

// left front cloak
4 0
0.35112342 0.0 0.9363292
-0.1  0.05  0.0  0.15 0.8
-0.18 0.05 -0.03 0.25 0.8
-0.18 0.6  -0.03 0.25 0.91
-0.1  0.6   0.0  0.15 0.91


// right top front cloak
3 0
0.3380402 0.27043226 0.9014406
0.1  0.6  0.0  0.15 0.8
0.18 0.6 -0.03 0.25 0.8
0.1  0.7 -0.03 0.25 0.91

// left top front cloak
3 0
-0.3380402 0.27043226 0.9014406
-0.1  0.6  0.0  0.15 0.8
-0.18 0.6 -0.03 0.25 0.8
-0.1  0.7 -0.03 0.25 0.91

// right side cloak
4 0
1.0 0.0 0.0
0.18 0.05 -0.03 0.15 0.8
0.18 0.05 -0.13 0.25 0.8
0.18 0.6  -0.13 0.25 0.91
0.18 0.6  -0.03 0.15 0.91

// left side cloak
4 0
1.0 0.0 0.0
-0.18 0.05 -0.03 0.15 0.8
-0.18 0.05 -0.13 0.25 0.8
-0.18 0.6  -0.13 0.25 0.91
-0.18 0.6  -0.03 0.25 0.91

// right side top cloak
4 0
0.7808687 0.62469524 0.0
0.18 0.6 -0.03 0.15 0.8
0.18 0.6 -0.13 0.25 0.8
0.1  0.7 -0.13 0.25 0.91
0.1  0.7 -0.03 0.15 0.91

// left side top cloak
4 0
-0.7808687 0.62469524 0.0
-0.18 0.6 -0.03 0.15 0.8
-0.18 0.6 -0.13 0.25 0.8
-0.1  0.7 -0.13 0.25 0.91
-0.1  0.7 -0.03 0.15 0.91

// right back cloak
4 0
0.35112345 0.0 -0.9363292
0.18 0.05 -0.13 0.02 0.001
0.1  0.05 -0.16 0.11  0.001
0.1  0.6  -0.16 0.11  0.9
0.18 0.6  -0.13 0.063 0.9

// left back cloak
4 0
0.35112345 0.0 0.9363292
-0.18 0.05 -0.13 0.36 0.001
-0.1  0.05 -0.16 0.3  0.001
-0.1  0.6  -0.16 0.3  0.9
-0.18 0.6  -0.13 0.36 0.9

// right top back cloak
3 0
0.33804023 0.2704323 -0.9014406
0.18 0.6 -0.13 0.15 0.8
0.1  0.6 -0.16 0.25 0.8
0.1  0.7 -0.13 0.25 0.91

// left top back cloak
3 0
0.33804023 -0.2704323 0.9014406
-0.18 0.6 -0.13 0.15 0.8
-0.1  0.6 -0.16 0.25 0.8
-0.1  0.7 -0.13 0.25 0.91

// upper back cloak
4 0
0.0 0.28734797 -0.95782626
 0.1 0.6 -0.16 0.1 0.9
-0.1 0.6 -0.16 0.3 0.9
-0.1 0.7 -0.13 0.3 0.91
 0.1 0.7 -0.13 0.1 0.91

// back cloak
4 0
0.0 0.0 -1.0
 0.1 0.05 -0.16 0.11 0.001
-0.1 0.05 -0.16 0.3  0.001
-0.1 0.6  -0.16 0.3  0.9
 0.1 0.6  -0.16 0.11 0.9

