// NOTE: only triangles and quads are currently supported
//       i.e. vertices must be 3 or 4

// number of polygons
15

// texture table
3
0
data/steel.bmp
1
data/steel-light.bmp
2
data/starfield.bmp

// example polygon format
// ===============================
//
// vertices texid  : # of vertices & texture table lookup
// x y z           : normal vector
// x y z s t       : vertex & texture coordinates
// " " " " "

// ceiling
3 0
0.0 -1.0 0.0
-5.0  3.0   0.0 0.0 1.0
-5.0  3.0 -10.0 0.0 0.0
 5.0  3.0 -10.0 1.0 0.0

3 0
0.0 -1.0 0.0
-5.0  3.0   0.0 0.0 1.0
 5.0  3.0   0.0 1.0 1.0
 5.0  3.0 -10.0 1.0 0.0

// left wall
4 0
1.0 0.0 0.0
-5.0 0.0   0.0 0.0 0.0
-5.0 0.0 -10.0 0.0 1.0
-5.0 3.0 -10.0 1.0 1.0
-5.0 3.0   0.0 1.0 0.0

// left column
4 1
1.0 0.0 0.0
-4.75 0.1 -9.25 0.35 -0.1
-4.75 0.1 -9.0  0.0  -0.1
-4.75 2.9 -9.0  0.0   3.1
-4.75 2.9 -9.25 0.35  3.1

4 1
0.0 0.0 1.0
-4.75 3.0 -9.0 0.75 0.0
-4.75 0.0 -9.0 0.75 3.0
-5.0  0.0 -9.0 1.0  3.0
-5.0  3.0 -9.0 1.0  0.0

4 1
0.0 0.0 -1.0
-4.75 3.0 -9.25 0.75 0.0
-4.75 0.0 -9.25 0.75 3.0
-5.0  0.0 -9.25 1.0  3.0
-5.0  3.0 -9.25 1.0  0.0

// left top fillet
4 0
0.31622776 -0.9486833 0.0
-5.0  2.75 -10.0 0.0 0.0
-5.0  2.75   0.0 0.0 1.0
-4.25 3.0    0.0 1.0 1.0
-4.25 3.0  -10.0 1.0 0.0

// left bottom fillet
4 0
0.31622776 0.9486833 -0.0
-5.0  0.25 -10.0 0.0 0.0
-5.0  0.25   0.0 0.0 1.0
-4.25 0.0    0.0 1.0 1.0
-4.25 0.0  -10.0 1.0 0.0

// right wall
4 0
-1.0 0.0 0.0
5.0 0.0   0.0 0.0 0.0
5.0 0.0 -10.0 0.0 1.0
5.0 3.0 -10.0 1.0 1.0
5.0 3.0   0.0 1.0 0.0

// right column
4 1
-1.0 0.0 0.0
4.75 0.1 -9.25 0.35 -0.1
4.75 0.1 -9.0  0.0  -0.1
4.75 2.9 -9.0  0.0   3.1
4.75 2.9 -9.25 0.35  3.1

4 1
0.0 0.0 1.0
4.75 3.0 -9.0 0.75 0.0
4.75 0.0 -9.0 0.75 3.0
5.0  0.0 -9.0 1.0  3.0
5.0  3.0 -9.0 1.0  0.0

4 1
0.0 0.0 -1.0
4.75 3.0 -9.25 0.75 0.0
4.75 0.0 -9.25 0.75 3.0
5.0  0.0 -9.25 1.0  3.0
5.0  3.0 -9.25 1.0  0.0

// right top fillet
4 0
-0.31622776 -0.9486833 0.0
5.0  2.75 -10.0 0.0 0.0
5.0  2.75   0.0 0.0 1.0
4.25 3.0    0.0 1.0 1.0
4.25 3.0  -10.0 1.0 0.0

// right bottom fillet
4 0
-0.31622776 0.9486833 0.0
5.0  0.25 -10.0 0.0 0.0
5.0  0.25   0.0 0.0 1.0
4.25 0.0    0.0 1.0 1.0
4.25 0.0  -10.0 1.0 0.0

// starfield
4 2
0.0 0.0 1.0
-12.0  8.0 -20.0 0.1 1.0
-12.0 -2.0 -20.0 0.1 0.6
 12.0 -2.0 -20.0 1.1 0.6
 12.0  8.0 -20.0 1.1 1.0
 